planes/planes/1615507163.829003.jpg 1 790 74 144 32
planes/planes/1615507166.135071.jpg 1 784 74 140 34
planes/planes/1615507168.8215811.jpg 1 772 72 144 34
planes/planes/1615507173.6519098.jpg 1 748 71 155 38
planes/planes/1615507178.545738.jpg 1 727 77 160 31
planes/planes/1615507184.666.jpg 1 707 78 159 34
planes/planes/1615507188.780023.jpg 1 694 79 155 33
planes/planes/1615507201.685715.jpg 1 666 81 155 36
planes/planes/1615507225.3870132.jpg 1 641 84 156 35
planes/planes/1615507239.7955909.jpg 1 616 84 155 37
planes/planes/1615507300.299981.jpg 1 618 85 154 38
planes/planes/1615507400.404696.jpg 1 640 83 153 36
planes/planes/1615507409.016015.jpg 1 677 79 140 36
planes/planes/1615507415.879854.jpg 1 739 75 93 36
planes/planes/1615507427.4428349.jpg 1 818 64 109 31
planes/planes/1615507433.8428202.jpg 1 875 54 106 37
planes/planes/1615507438.016886.jpg 1 922 54 103 31
planes/planes/1615507612.131776.jpg 1 824 38 86 28
planes/planes/1615507615.099169.jpg 1 459 64 101 36
planes/planes/1615507618.6570392.jpg 1 110 107 98 38
planes/planes/1615508036.65184.jpg 1 720 86 64 22
planes/planes/1615508041.259435.jpg 1 806 77 56 22
planes/planes/1615508047.190791.jpg 1 871 69 56 21
planes/planes/1615508351.88093.jpg 1 232 215 75 46
planes/planes/1615508353.047006.jpg 1 150 240 78 42
planes/planes/1615508354.511584.jpg 1 74 260 82 44
planes/planes/1615508356.141199.jpg 1 0 288 67 44
planes/planes/1615508361.5356832.jpg 1 941 43 37 12
planes/planes/1615508363.6897888.jpg 1 563 72 43 17
planes/planes/1615508365.081044.jpg 1 168 109 50 19
planes/planes/1615509794.787701.jpg 1 455 83 155 47
planes/planes/1615509798.37934.jpg 1 514 77 128 52
planes/planes/1615509806.81634.jpg 1 572 71 128 57
planes/planes/1615509810.806428.jpg 1 564 70 155 64
planes/planes/1615509815.3987389.jpg 1 567 72 162 69
planes/planes/1615509821.8641841.jpg 1 613 75 154 67
planes/planes/1615509826.988819.jpg 1 671 75 173 65
planes/planes/1615509831.338092.jpg 1 741 72 184 64
planes/planes/1615509836.822818.jpg 1 770 70 183 68
planes/planes/1615510033.572045.jpg 1 847 64 152 58
planes/planes/1615515551.788929.jpg 1 653 79 149 38
planes/planes/1615515652.2442298.jpg 1 687 75 149 37
planes/planes/1615515658.4852211.jpg 1 738 72 124 39
planes/planes/1615515663.710454.jpg 1 797 60 116 45
planes/planes/1615515670.4337862.jpg 1 868 59 92 34
planes/planes/1615515863.0216582.jpg 1 851 30 83 37
planes/planes/1615515864.815545.jpg 1 601 55 87 26
planes/planes/1615515865.8247209.jpg 1 366 80 87 26
planes/planes/1615515867.043932.jpg 1 169 101 92 32
planes/planes/1615515867.720437.jpg 1 25 119 91 35
planes/planes/1615515966.165023.jpg 1 913 33 69 19
planes/planes/1615515968.7107751.jpg 1 744 43 74 23
planes/planes/1615515969.885825.jpg 1 380 72 95 33
